Forfjorddalen 2, Nordland county, Norway - NORW010
Additional Site Information 
Andreas J. Kirchhefer


Purpose of Collection:   Climatology - temperature analyses
Coastal Northern Norway Temperature Reconstruction based on these data:
ftp://ftp.ncdc.noaa.gov/pub/data/paleo/treering/reconstructions/norway/norway_recon.txt

Measurement type:  Total ring width

Detrend Method:
Negative exponontial or linear regression with negative or 0 slope

Location of core material:
University of Tromsoe, Department of Biology, N-9037 Tromsoe, Norway


Reference:
Published back to AD 1358 (EPS 85 criterion) in:

Kirchhefer, A.J. 2001 Reconstruction of summer temperatures from tree-
rings of Scots pine (Pinus sylvestris L.) in coastal northern Norway. 
The Holocene 11(1), 41-52.


Site information: 
- slope 15°W, moraine ridge, glacifluvial sediments, talus slope, open-
canopy tree-line habitat (arctic-alpine-atlantic), living trees and 
stumps, sampling area 0.5 km * 0.2 km
Elevation Range 50-170m.
- potential growth release due to logging in the 17th century.

Please note, site Forfjorddalen (FORFJ1) will be contributed to the ITRDB 
following publication. 


Measuring type: the first measurements with 0.01mm resolution 
(Tucson M-format), later 0.001 mm (Tucson L-format).


Missing rings coding:
In the 0.01mm-format, missing rings are zero.
Others, internal coding with:
        - zero: "not sure where the ring belongs exactly", 
        - 0.001: "very likely that it belongs here",
        - 0.005: some morphological evidence for the missing ring
        - 0.010: wedging ring
        - 0.020: smallest measurable complete ring (one cell layer)






PROGRAM  ARSTAN : Summary of chronology statistics  [11Jul01-1021]

 Chronology time span  877 to 1994  1118 years    36 trees    71 radii

 Chronology type                       STNDRD      RESID (AR 1)    ARSTAN

    Mean                                .9947         .9943         .9974
    Median                              .9791         .9944         .9912
    Mean sensitivity                    .1897         .2068         .1872
    Standard deviation                  .2474         .1817         .2480
    Skewness                            .4471        -.0117         .4565
    Kurtosis                            .9855         .1740        1.2232

    Autocorrelation  order 1            .5338        -.0082         .5475
    Partial autocorr order 2            .0344        -.0939        -.0537
    Partial autocorr order 3            .1079         .0287         .0802

    Variance due to autoregression       28.3          24.7%
    Error variance                    .007738                     .007063
    Ratio of error variance of chronologies (ARSTAN/STNDRD)       .9127


 Common interval time span 1786 to 1992   207 years    19 trees    34 radii

                                      Detrended     Residuals
    Mean correlations:                  series    (white noise)

       Among all radii                   .410          .507
       Between trees (Y variance)        .405          .502
       Within trees                      .582          .683
       Radii vs mean                     .651          .717

    Signal-to-noise ratio              12.924        19.161
    Agreement with population chron      .928          .950
    Variance in first eigenvector       43.44       52.62%
    Chron common interval mean           .997          .997
    Chron common interval std dev        .239          .199





COFECHA output:

      Chronology file name   : NORW010.CRN
      Measurement file name  : NORW010.RWL
      Date checked           : 28MAR05
      Checked by             : H. ADAMS AND J. LUKAS
      Beginning year         :  877
      Ending year            : 1994
      Principal investigators: Andreas J. Kirchhefer                         
      Site name              : Forfjorddalen 2
      Site location          : Norway       
      Species information    : PISY SCOTS PINE
      Latitude               :   6848
      Longitude              :  01544
      Elevation              :  110M

      Series intercorrelation: 0.677
      Avg mean sensitivity   : 0.247
      Avg standard deviation : 0.239
      Avg autocorrelation    : 0.763
      Number dated series    : 71
      Segment length tested  : 50

      Number problem segments: 3
      Pct problem segments   : 0.40


PART 5:  CORRELATION OF SERIES BY SEGMENTS: norw010.rwl                                            13:55  Mon 28 Mar 2005  Page   5
------------------------------------------------------------------------------------------------------------------------------------
 Correlations of  50-year dated segments, lagged  25 years
 Flags:  A = correlation under   .3281 but highest as dated;  B = correlation higher at other than dated position

 Seq Series  Time_span    925  950  975 1000 1025 1050 1075 1100 1125 1150 1175 1200 1225 1250 1275 1300 1325 1350 1375 1400
                          974  999 1024 1049 1074 1099 1124 1149 1174 1199 1224 1249 1274 1299 1324 1349 1374 1399 1424 1449
 --- -------- ---------  ---- ---- ---- ---- ---- ---- ---- ---- ---- ---- ---- ---- ---- ---- ---- ---- ---- ---- ---- ----
  23 ff213a   1239 1438                                                               .29A .38  .66  .72  .64  .68  .52  .50
  24 ff213b   1245 1409                                                               .65  .64  .68  .59  .52  .69  .72
  29 ff217a   1175 1320                                                     .53  .60  .73  .69  .73
  30 ff217b   1151 1271                                                .58  .59  .68  .66
  31 ff218a   1407 1813                                                                                                  .39B
  52 ff252a   1395 1610                                                                                             .71  .67
  53 ff252b   1282 1617                                                                         .70  .72  .74  .72  .66  .70
  54 ff253a   1323 1575                                                                              .48  .45  .33A .52  .67
  55 ff253c   1402 1531                                                                                                  .42
  56 ff254a   1342 1576                                                                                   .59  .60  .68  .61
  57 ff254b   1342 1576                                                                                   .46  .44  .62  .73
  58 ff255a   1199 1454                                                     .71  .71  .68  .69  .54  .57  .59  .74  .72  .58
  59 ff255b   1144 1412                                           .60  .55  .60  .75  .70  .68  .59  .60  .59  .50  .55
  60 ff256a   1277 1536                                                                         .74  .73  .71  .73  .68  .54
  61 ff256b   1357 1536                                                                                        .84  .86  .72
  62 ff257b   1359 1521                                                                                        .82  .83  .72
  64 ff258a   1241 1406                                                               .74  .74  .66  .77  .71  .73  .77
  65 ff258b   1244 1413                                                               .61  .69  .62  .72  .73  .75  .75
  66 ff259a    877 1077   .35  .38  .70  .61  .45  .42
  67 ff259b    945 1295   .35  .38  .70  .61  .45  .55  .98  .98  .74  .53  .58  .68  .71  .60
  68 ff260b   1297 1557                                                                         .68  .67  .65  .76  .67  .59
  69 ff260c   1254 1530                                                                    .53  .58  .70  .89  .72  .53  .56
  70 ff263a   1358 1900                                                                                        .56  .64  .58
  71 ff263b   1375 1727                                                                                             .72  .66
 Av segment correlation   .35  .38  .70  .61  .45  .49  .98  .98  .67  .55  .60  .68  .64  .63  .65  .66  .64  .66  .68  .60
PART 5:  CORRELATION OF SERIES BY SEGMENTS: norw010.rwl                                            13:55  Mon 28 Mar 2005  Page   6
------------------------------------------------------------------------------------------------------------------------------------
 Correlations of  50-year dated segments, lagged  25 years
 Flags:  A = correlation under   .3281 but highest as dated;  B = correlation higher at other than dated position

 Seq Series  Time_span   1425 1450 1475 1500 1525 1550 1575 1600 1625 1650 1675 1700 1725 1750 1775 1800 1825 1850 1875 1900
                         1474 1499 1524 1549 1574 1599 1624 1649 1674 1699 1724 1749 1774 1799 1824 1849 1874 1899 1924 1949
 --- -------- ---------  ---- ---- ---- ---- ---- ---- ---- ---- ---- ---- ---- ---- ---- ---- ---- ---- ---- ---- ---- ----
   1 ff201a   1470 1674        .41  .53  .78  .76  .75  .76  .79  .73
   2 ff201b   1483 1601             .69  .72  .72  .69  .72
   3 ff202a   1593 1858                                 .75  .76  .70  .66  .75  .77  .78  .63  .61  .66  .73
   4 ff202b   1568 1849                            .52  .53  .65  .55  .55  .74  .76  .76  .73  .72  .75
   5 ff203a   1785 1992                                                                         .70  .73  .75  .81  .84  .83
   6 ff203b   1848 1992                                                                                   .79  .85  .76  .62
   7 ff204a   1693 1992                                                     .47  .59  .62  .77  .87  .88  .92  .90  .86  .86
   8 ff204b   1692 1992                                                     .66  .71  .76  .67  .68  .80  .90  .89  .82  .79
   9 ff205a   1776 1992                                                                         .47  .49  .61  .78  .79  .81
  10 ff205b   1777 1992                                                                         .39  .47  .59  .72  .76  .70
  11 ff207a   1723 1992                                                          .68  .70  .80  .84  .82  .82  .85  .80  .73
  12 ff207b   1701 1992                                                          .73  .73  .80  .81  .76  .78  .78  .76  .78
  13 ff208a   1755 1992                                                                    .63  .58  .56  .66  .73  .58  .42
  14 ff208b   1782 1992                                                                         .53  .64  .77  .76  .75  .65
  15 ff209a   1751 1992                                                                    .65  .65  .73  .77  .86  .83  .76
  16 ff209b   1746 1992                                                               .69  .82  .77  .72  .63  .70  .80  .75
  17 ff210a   1794 1992                                                                         .73  .72  .78  .76  .75  .83
  18 ff210b   1781 1992                                                                         .37  .57  .82  .81  .76  .78
  19 ff211a   1782 1993                                                                         .52  .63  .62  .71  .81  .70
  20 ff211b   1767 1993                                                                    .40  .46  .54  .55  .74  .77  .77
  21 ff212a   1723 1993                                                          .51  .53  .47  .38  .52  .68  .71  .70  .75
  22 ff212b   1724 1993                                                          .57  .58  .41  .51  .64  .58  .67  .81  .82
  25 ff214a   1521 1647                  .72  .70  .73  .87  .81
  26 ff214b   1441 1692   .44  .50  .71  .78  .70  .75  .77  .81  .77  .76
  27 ff216a   1686 1993                                                     .72  .77  .73  .69  .66  .54  .63  .69  .70  .66
  28 ff216b   1690 1993                                                     .58  .61  .52  .63  .66  .61  .67  .76  .77  .77
  31 ff218a   1407 1813   .56  .50  .37  .60  .65  .61  .58  .57  .49  .63  .81  .70  .56  .61  .71
  32 ff218b   1439 1844   .66  .58  .60  .70  .48  .55  .66  .55  .60  .77  .80  .72  .70  .67  .53  .63
  33 ff220a   1704 1992                                                          .80  .73  .70  .85  .83  .72  .74  .74  .73
  34 ff220b   1708 1992                                                          .78  .71  .74  .79  .78  .82  .86  .80  .79
  35 ff221a   1507 1993                  .69  .73  .63  .71  .76  .70  .70  .76  .69  .63  .62  .54  .54  .57  .56  .48  .43
  36 ff221b   1483 1856             .54  .56  .53  .54  .72  .72  .64  .64  .75  .75  .71  .69  .72  .75  .73
  37 ff222a   1561 1955                            .68  .67  .72  .72  .68  .82  .76  .66  .77  .74  .75  .75  .73  .76  .59
  38 ff222b   1553 1764                            .76  .85  .80  .72  .69  .75  .69  .63
  39 ff223a   1745 1992                                                               .61  .67  .73  .71  .70  .80  .75  .71
  40 ff223b   1739 1992                                                               .55  .54  .66  .78  .71  .74  .82  .73
  41 ff224a   1701 1992                                                          .41  .55  .71  .80  .77  .74  .78  .73  .67
  42 ff224b   1692 1992                                                     .43  .45  .46  .68  .63  .64  .77  .74  .63  .65
  43 ff225a   1699 1993                                                     .70  .70  .83  .74  .72  .68  .71  .83  .67  .53
  44 ff225b   1669 1993                                                .60  .64  .68  .77  .63  .59  .59  .62  .73  .71  .46
  45 ff228a   1685 1992                                                     .49  .58  .69  .74  .55  .59  .77  .80  .59  .62
  46 ff228b   1723 1992                                                          .61  .70  .55  .49  .55  .77  .87  .87  .87
  47 ff229a   1602 1992                                      .47  .62  .74  .82  .77  .65  .63  .80  .85  .85  .85  .85  .75
  48 ff229b   1641 1992                                           .38  .49  .65  .74  .78  .75  .68  .75  .81  .76  .76  .86
  49 ff230a   1639 1992                                           .42  .38  .55  .76  .73  .71  .76  .75  .80  .82  .68  .61
  50 ff230b   1685 1992                                                     .66  .71  .63  .69  .72  .76  .71  .65  .66  .66
  51 ff251a   1608 1994                                      .52  .55  .56  .77  .81  .68  .62  .77  .75  .73  .76  .75  .65
  52 ff252a   1395 1610   .64  .60  .50  .66  .75  .67  .68
  53 ff252b   1282 1617   .71  .67  .52  .66  .78  .74  .70
  54 ff253a   1323 1575   .66  .64  .74  .66  .54  .57
  55 ff253c   1402 1531   .60  .66  .63  .63
  56 ff254a   1342 1576   .46  .45  .49  .63  .46  .45
  57 ff254b   1342 1576   .63  .50  .52  .64  .69  .65
  58 ff255a   1199 1454   .61
  60 ff256a   1277 1536   .59  .68  .62  .65
  61 ff256b   1357 1536   .50  .54  .67  .74
  62 ff257b   1359 1521   .71  .65  .39
  63 ff257c   1444 1639   .62  .64  .67  .68  .64  .64  .68  .69
  68 ff260b   1297 1557   .72  .67  .65  .74  .75
  69 ff260c   1254 1530   .63  .54  .60  .57
  70 ff263a   1358 1900   .69  .60  .54  .73  .74  .69  .67  .68  .58  .64  .77  .67  .58  .54  .56  .60  .77  .82  .83
  71 ff263b   1375 1727   .78  .73  .59  .74  .73  .57  .62  .68  .54  .58  .76  .79
 Av segment correlation   .62  .59  .58  .68  .67  .64  .70  .69  .61  .63  .69  .69  .66  .66  .65  .68  .73  .77  .75  .71
PART 5:  CORRELATION OF SERIES BY SEGMENTS: norw010.rwl                                            13:55  Mon 28 Mar 2005  Page   7
------------------------------------------------------------------------------------------------------------------------------------
 Correlations of  50-year dated segments, lagged  25 years
 Flags:  A = correlation under   .3281 but highest as dated;  B = correlation higher at other than dated position

 Seq Series  Time_span   1925 1950
                         1974 1999
 --- -------- ---------  ---- ---- ---- ---- ---- ---- ---- ---- ---- ---- ---- ---- ---- ---- ---- ---- ---- ---- ---- ----
   5 ff203a   1785 1992   .84  .88
   6 ff203b   1848 1992   .69  .76
   7 ff204a   1693 1992   .90  .90
   8 ff204b   1692 1992   .82  .85
   9 ff205a   1776 1992   .85  .83
  10 ff205b   1777 1992   .76  .78
  11 ff207a   1723 1992   .79  .80
  12 ff207b   1701 1992   .74  .70
  13 ff208a   1755 1992   .49  .64
  14 ff208b   1782 1992   .68  .76
  15 ff209a   1751 1992   .82  .82
  16 ff209b   1746 1992   .82  .87
  17 ff210a   1794 1992   .86  .84
  18 ff210b   1781 1992   .82  .79
  19 ff211a   1782 1993   .70  .76
  20 ff211b   1767 1993   .84  .88
  21 ff212a   1723 1993   .66  .51
  22 ff212b   1724 1993   .70  .70
  27 ff216a   1686 1993   .70  .80
  28 ff216b   1690 1993   .82  .83
  33 ff220a   1704 1992   .81  .79
  34 ff220b   1708 1992   .87  .84
  35 ff221a   1507 1993   .42  .41
  37 ff222a   1561 1955   .58
  39 ff223a   1745 1992   .78  .77
  40 ff223b   1739 1992   .66  .66
  41 ff224a   1701 1992   .73  .77
  42 ff224b   1692 1992   .73  .70
  43 ff225a   1699 1993   .61  .57
  44 ff225b   1669 1993   .44  .53
  45 ff228a   1685 1992   .89  .88
  46 ff228b   1723 1992   .90  .87
  47 ff229a   1602 1992   .71  .73
  48 ff229b   1641 1992   .85  .81
  49 ff230a   1639 1992   .65  .70
  50 ff230b   1685 1992   .72  .78
  51 ff251a   1608 1994   .55  .55
 Av segment correlation   .74  .75
PART 7:  DESCRIPTIVE STATISTICS: norw010.rwl                                                       13:55  Mon 28 Mar 2005  Page  12
------------------------------------------------------------------------------------------------------------------------------------

                                                Corr   //-------- Unfiltered --------\\  //---- Filtered -----\\
                           No.    No.    No.    with   Mean   Max     Std   Auto   Mean   Max     Std   Auto  AR
 Seq Series   Interval   Years  Segmt  Flags   Master  msmt   msmt    dev   corr   sens  value    dev   corr  ()
 --- -------- ---------  -----  -----  -----   ------ -----  -----  -----  -----  -----  -----  -----  -----  --
   1 ff201a   1470 1674    205      8      0    .672    .38    .87   .181   .720   .282   2.68   .460  -.038   1
   2 ff201b   1483 1601    119      5      0    .714    .55   1.06   .189   .382   .305   2.73   .473   .011   1
   3 ff202a   1593 1858    266     11      0    .713    .67   1.82   .278   .752   .234   2.54   .427   .025   2
   4 ff202b   1568 1849    282     11      0    .671    .73   2.22   .302   .814   .204   2.67   .405  -.015   1
   5 ff203a   1785 1992    208      8      0    .807    .66   2.16   .383   .839   .267   2.72   .421   .008   1
   6 ff203b   1848 1992    145      6      0    .733    .34    .84   .170   .645   .346   2.56   .359  -.022   1
   7 ff204a   1693 1992    300     12      0    .800    .74   1.60   .264   .689   .234   2.65   .394  -.027   1
   8 ff204b   1692 1992    301     12      0    .780    .51   1.64   .260   .820   .238   2.74   .385  -.033   2
   9 ff205a   1776 1992    217      8      0    .707    .95   2.05   .319   .687   .210   2.65   .466  -.019   1
  10 ff205b   1777 1992    216      8      0    .634    .81   1.63   .297   .725   .213   2.62   .383   .048   1
  11 ff207a   1723 1992    270     11      0    .795    .65   2.15   .318   .823   .239   2.65   .439  -.029   1
  12 ff207b   1701 1992    292     11      0    .755    .59   2.39   .388   .892   .255   2.66   .412  -.019   1
  13 ff208a   1755 1992    238      9      0    .600    .54   2.41   .398   .893   .302   2.64   .399  -.008   2
  14 ff208b   1782 1992    211      8      0    .697    .55   1.91   .393   .891   .312   2.70   .372  -.019   2
  15 ff209a   1751 1992    242      9      0    .763    .64   1.29   .268   .706   .276   2.71   .345  -.016   1
  16 ff209b   1746 1992    247     10      0    .747    .52   1.52   .301   .851   .294   2.53   .348   .001   1
  17 ff210a   1794 1992    199      8      0    .783    .77   1.41   .256   .727   .207   2.65   .431   .021   1
  18 ff210b   1781 1992    212      8      0    .717    .74   1.59   .259   .730   .214   2.60   .420  -.007   1
  19 ff211a   1782 1993    212      8      0    .662    .62   1.67   .310   .802   .239   2.87   .517   .007   1
  20 ff211b   1767 1993    227      9      0    .672    .67   2.13   .329   .842   .232   2.74   .442  -.038   1
  21 ff212a   1723 1993    271     11      0    .578    .64   1.43   .220   .683   .217   2.55   .360  -.024   1
  22 ff212b   1724 1993    270     11      0    .657    .63   1.32   .251   .794   .215   2.71   .441   .003   1
  23 ff213a   1239 1438    200      8      1    .526    .59   1.66   .242   .655   .271   2.72   .405  -.042   2
  24 ff213b   1245 1409    165      7      0    .650    .62   1.94   .268   .782   .241   2.57   .494   .047   1
  25 ff214a   1521 1647    127      5      0    .759    .35    .76   .155   .553   .380   2.67   .468  -.043   1
  26 ff214b   1441 1692    252     10      0    .714    .33    .70   .151   .605   .345   2.62   .414   .071   1
  27 ff216a   1686 1993    308     12      0    .704    .40   1.69   .221   .790   .311   2.64   .420  -.046   1
  28 ff216b   1690 1993    304     12      0    .708    .42   1.42   .246   .862   .269   2.98   .529  -.030   1
  29 ff217a   1175 1320    146      5      0    .635    .77   1.51   .239   .808   .156   2.61   .416   .031   2
  30 ff217b   1151 1271    121      4      0    .616    .69   1.18   .176   .591   .175   2.79   .378  -.011   3
  31 ff218a   1407 1813    407     16      1    .576    .33   1.43   .175   .820   .221   2.66   .322   .002   1
  32 ff218b   1439 1844    406     16      0    .646    .20    .58   .086   .724   .276   2.63   .427   .038   1
  33 ff220a   1704 1992    289     11      0    .768    .62   2.46   .333   .766   .273   2.70   .472  -.016   2
  34 ff220b   1708 1992    285     11      0    .806    .68   1.80   .303   .729   .266   2.66   .389  -.022   2
  35 ff221a   1507 1993    487     19      0    .600    .35   1.23   .178   .840   .224   2.83   .390   .017   3
  36 ff221b   1483 1856    374     15      0    .664    .55   1.41   .212   .780   .214   2.79   .444   .009   4
  37 ff222a   1561 1955    395     16      0    .701    .46   1.91   .314   .888   .250   2.59   .370  -.003   1
  38 ff222b   1553 1764    212      8      0    .716    .57   2.03   .396   .908   .269   2.52   .346   .016   2
  39 ff223a   1745 1992    248     10      0    .729    .62   2.31   .389   .880   .231   2.58   .381  -.029   1
  40 ff223b   1739 1992    254     10      0    .689    .56   1.97   .394   .908   .246   2.66   .430   .013   1
  41 ff224a   1701 1992    292     11      0    .688    .64   2.11   .369   .880   .229   2.70   .391  -.009   1
  42 ff224b   1692 1992    301     12      0    .643    .53   1.65   .231   .727   .247   2.60   .326  -.030   2
  43 ff225a   1699 1993    295     12      0    .674    .42    .76   .128   .615   .209   2.82   .490   .010   1
  44 ff225b   1669 1993    325     13      0    .605    .28    .68   .099   .651   .232   2.74   .353   .010   1
  45 ff228a   1685 1992    308     12      0    .685    .51   1.48   .215   .748   .235   2.46   .274  -.045   2
  46 ff228b   1723 1992    270     11      0    .743    .50   1.13   .198   .702   .245   2.67   .475  -.035   2
  47 ff229a   1602 1992    391     15      0    .734    .43   1.12   .162   .643   .266   2.62   .394  -.009   2
  48 ff229b   1641 1992    352     14      0    .715    .42   1.37   .237   .826   .302   2.83   .419   .001   2
PART 7:  DESCRIPTIVE STATISTICS: norw010.rwl                                                       13:55  Mon 28 Mar 2005  Page  13
------------------------------------------------------------------------------------------------------------------------------------

                                                Corr   //-------- Unfiltered --------\\  //---- Filtered -----\\
                           No.    No.    No.    with   Mean   Max     Std   Auto   Mean   Max     Std   Auto  AR
 Seq Series   Interval   Years  Segmt  Flags   Master  msmt   msmt    dev   corr   sens  value    dev   corr  ()
 --- -------- ---------  -----  -----  -----   ------ -----  -----  -----  -----  -----  -----  -----  -----  --
  49 ff230a   1639 1992    354     14      0    .660    .44   1.03   .171   .763   .222   2.59   .431  -.034   2
  50 ff230b   1685 1992    308     12      0    .692    .53   1.51   .227   .807   .208   2.69   .437  -.048   2
  51 ff251a   1608 1994    387     15      0    .672    .78   2.48   .446   .860   .243   2.60   .355  -.024   1
  52 ff252a   1395 1610    216      9      0    .655    .52    .98   .161   .653   .207   2.55   .354  -.003   2
  53 ff252b   1282 1617    336     13      0    .680    .56   1.33   .223   .784   .224   2.45   .253  -.032   2
  54 ff253a   1323 1575    253     11      1    .573    .24    .61   .110   .720   .303   2.79   .414  -.018   1
  55 ff253c   1402 1531    130      5      0    .552    .22    .46   .092   .746   .285   2.70   .428  -.023   1
  56 ff254a   1342 1576    235     10      0    .521    .26    .84   .128   .573   .365   2.73   .479  -.001   1
  57 ff254b   1342 1576    235     10      0    .580    .27    .82   .138   .701   .323   2.72   .351   .006   1
  58 ff255a   1199 1454    256     11      0    .668    .47    .91   .143   .617   .213   2.80   .489  -.012   1
  59 ff255b   1144 1412    269     11      0    .624    .40    .99   .155   .693   .253   2.69   .409   .021   1
  60 ff256a   1277 1536    260     10      0    .674    .40    .96   .170   .817   .232   2.50   .340  -.008   1
  61 ff256b   1357 1536    180      7      0    .717    .31    .73   .139   .784   .277   2.84   .451   .009   2
  62 ff257b   1359 1521    163      6      0    .646    .43    .98   .168   .715   .240   2.74   .398  -.027   2
  63 ff257c   1444 1639    196      8      0    .640    .27    .54   .095   .600   .255   2.57   .343  -.011   2
  64 ff258a   1241 1406    166      7      0    .757    .61   1.44   .207   .727   .206   2.52   .358   .020   1
  65 ff258b   1244 1413    170      7      0    .704    .94   2.46   .313   .680   .208   2.90   .580   .010   1
  66 ff259a    877 1077    201      6      0    .440    .38    .85   .153   .713   .243   2.62   .430  -.014   1
  67 ff259b    945 1295    351     14      0    .615    .42   1.32   .188   .695   .287   2.63   .379  -.004   1
  68 ff260b   1297 1557    261     11      0    .680    .32    .73   .127   .803   .194   2.58   .357  -.024   1
  69 ff260c   1254 1530    277     11      0    .610    .57   1.16   .195   .827   .158   2.47   .301   .011   1
  70 ff263a   1358 1900    543     22      0    .652    .58   2.07   .292   .843   .220   2.61   .352  -.018   1
  71 ff263b   1375 1727    353     14      0    .674    .71   2.19   .314   .827   .205   2.70   .366  -.025   1
 --- -------- ---------  -----  -----  -----   ------ -----  -----  -----  -----  -----  -----  -----  -----  --
 Total or mean:          18764    741      3    .677    .52   2.48   .239   .763   .247   2.98   .400  -.008
